#reset
#    PARANCSOK 
#    r -> full reset, hutes/futes teljes kikapcsolasa
#    t -> ido nullazas
#    p12345 -> pakebetet futes 12345 pwm-mel, max. 65535
#    f12345 -> peltier hutes 12345 pwm-mel
#    h12345 -> peltier hutes 12345 pwm-mel
#    s012345678 -> szenzorok kiirasi sorrendje
#    q -> korabbiak lekerdezese
#INIT
#szenzor0 ID:40971001714010492222
#szenzor1 ID:409710017140104139010
#szenzor2 ID:409710017140102193238
#szenzor3 ID:40971001714010324225
#szenzor4 ID:409710017140103120132
#szenzor5 ID:409710017140103114250
#szenzor6 ID:40971001715012233134
#szenzor7 ID:40971001714915367155
# OK
#pakabetet pwm 65535>> 65535
32   25.0000  25.0000  25.0625  25.1250  25.0000  25.1250  25.1875  25.1875 65535 0 1
1019   25.0000  24.9375  25.0625  25.0625  25.0000  25.1250  25.1875  25.1875 65535 0 1
2012   25.0000  24.9375  25.0000  25.0625  25.0000  25.1250  25.1875  25.1250 65535 0 1
3006   25.0000  25.0000  25.0625  25.0625  25.0000  25.1875  25.1875  25.1250 65535 0 1
4030   25.0000  24.9375  25.0000  25.0625  25.0000  25.1250  25.1875  25.1875 65535 0 1
5024   25.0000  24.9375  25.0625  25.0625  25.0000  25.1875  25.1875  25.1250 65535 0 1
6018   25.0000  24.9375  25.0625  25.0625  25.0000  25.1250  25.1875  25.1250 65535 0 1
7012   25.0000  24.9375  25.0625  25.0625  25.0000  25.1250  25.1875  25.1250 65535 0 1
8006   25.0000  24.9375  25.0625  25.0625  25.0000  25.1250  25.1875  25.1250 65535 0 1
9030   25.0000  25.0000  25.0625  25.0625  25.0000  25.1250  25.1875  25.1875 65535 0 1
10024   25.0000  24.9375  25.0000  25.0625  25.0000  25.1250  25.1875  25.1875 65535 0 1
11018   25.0000  24.9375  25.0625  25.0625  25.0000  25.1250  25.1875  25.1250 65535 0 1
12013   25.0000  24.9375  25.0000  25.0625  25.0000  25.1250  25.1875  25.1250 65535 0 1
13009   25.0000  24.9375  25.0625  25.0625  24.9375  25.1250  25.1875  25.1250 65535 0 1
14004   25.0000  24.9375  25.0625  25.0625  25.0000  25.1250  25.1875  25.1250 65535 0 1
15029   25.0000  24.9375  25.0000  25.0625  25.0000  25.1250  25.1875  25.1250 65535 0 1
16025   25.0000  24.9375  25.0625  25.0625  25.0000  25.1250  25.1875  25.1250 65535 0 1
17020   25.0000  25.0000  25.1250  25.1250  25.0000  25.1250  25.1250  25.1250 65535 0 1
18015   25.0000  24.9375  25.0625  25.0625  25.0000  25.1250  25.1875  25.1250 65535 0 1
19011   25.0000  24.9375  25.0625  25.0625  25.0000  25.1250  25.1250  25.1250 65535 0 1
20006   25.0000  24.9375  25.0000  25.0625  25.0000  25.1250  25.1875  25.1250 65535 0 1
21031   25.0000  24.9375  25.0000  25.0000  25.0000  25.1250  25.1875  25.1250 65535 0 1
22027   25.0000  24.9375  25.0000  25.0625  24.9375  25.1250  25.1875  25.1250 65535 0 1
23022   25.0000  25.0000  25.0000  25.0625  24.9375  25.1250  25.1875  25.1875 65535 0 1
24017   25.0000  24.9375  25.0625  25.0625  25.0000  25.1250  25.1875  25.1250 65535 0 1
25013   25.0000  24.9375  25.0000  25.0625  25.0000  25.1250  25.1875  25.1250 65535 0 1
26008   25.0000  24.9375  25.0625  25.0625  25.0000  25.1250  25.1875  25.1250 65535 0 1
27003   25.0000  24.9375  25.0625  25.0625  25.0000  25.1250  25.1875  25.1250 65535 0 1
28029   25.0000  24.9375  25.0000  25.0625  24.9375  25.1250  25.1875  25.1875 65535 0 1
29024   25.0000  24.9375  25.0625  25.0625  25.0000  25.1875  25.1875  25.1875 65535 0 1
30019   25.0000  24.9375  25.0625  25.0625  25.0000  25.1250  25.1875  25.1875 65535 0 1
31014   25.0000  24.9375  25.0000  25.0625  25.0000  25.1875  25.1875  25.1250 65535 0 1
32010   25.0000  24.9375  25.0000  25.0625  25.0000  25.1875  25.1875  25.1875 65535 0 1
33005   25.0000  25.0000  25.0000  25.0625  25.0000  25.1250  25.1875  25.1875 65535 0 1
34030   25.0000  24.9375  25.0000  25.0625  25.0000  25.1250  25.1875  25.1250 65535 0 1
35026   25.0000  24.9375  25.0000  25.0625  25.0000  25.1250  25.1250  25.1875 65535 0 1
36021   25.0000  25.0000  25.0000  25.0625  25.0000  25.1250  25.1875  25.1875 65535 0 1
37016   25.0000  25.0000  25.0625  25.0625  25.0000  25.1875  25.1875  25.1875 65535 0 1
38012   25.0000  24.9375  25.0625  25.0625  25.0000  25.1875  25.1875  25.1875 65535 0 1
39007   25.0000  25.0000  25.0625  25.1250  25.0000  25.1875  25.1875  25.1875 65535 0 1
40032   25.0000  25.0000  25.0625  25.0625  25.0000  25.1875  25.1875  25.1875 65535 0 1
41028   25.0000  25.0000  25.0000  25.1250  25.0000  25.1875  25.1875  25.1875 65535 0 1
42023   25.0000  25.0000  25.0625  25.0625  25.0000  25.1250  25.1875  25.1875 65535 0 1
43018   25.0000  25.0000  25.0625  25.1250  25.0000  25.1250  25.1875  25.1875 65535 0 1
44014   25.0000  25.0000  25.0000  25.1250  25.0000  25.1875  25.1875  25.1250 65535 0 1
45009   25.0000  25.0000  25.0625  25.1250  25.0000  25.1875  25.1875  25.1875 65535 0 1
46004   25.0000  25.0000  25.0625  25.0625  25.0000  25.1250  25.1875  25.1875 65535 0 1
47029   25.0000  25.0000  25.0000  25.0625  25.0000  25.1875  25.1875  25.1875 65535 0 1
48025   25.0000  25.0000  25.0625  25.0625  25.0000  25.1875  25.1875  25.1875 65535 0 1
49020   25.0000  25.0000  25.0625  25.1250  25.0000  25.1250  25.1875  25.1875 65535 0 1
50015   25.0000  25.0000  25.0000  25.0625  25.0000  25.1875  25.1875  25.1875 65535 0 1
51011   25.0000  25.0000  25.0625  25.1250  25.0000  25.1875  25.1875  25.1875 65535 0 1
52006   25.0000  25.0000  25.0625  25.1250  25.0000  25.1875  25.1875  25.1875 65535 0 1
53031   25.0000  25.0000  25.0625  25.0625  25.0000  25.1875  25.1875  25.1875 65535 0 1
54027   25.0000  25.0000  25.0625  25.1250  25.0000  25.1250  25.1875  25.1875 65535 0 1
55022   25.0000  25.0000  25.0625  25.1250  25.0000  25.1250  25.1875  25.1875 65535 0 1
56017   25.0000  25.0000  25.0625  25.1250  25.0000  25.1875  25.2500  25.1875 65535 0 1
57013   25.0000  25.0000  25.0000  25.0625  25.0000  25.1875  25.1875  25.1875 65535 0 1
58008   25.0000  24.9375  25.0625  25.0625  25.0000  25.1875  25.1875  25.1875 65535 0 1
59003   25.0000  25.0000  25.0625  25.1250  25.0000  25.1250  25.1875  25.1875 65535 0 1
60029   25.0000  25.0000  25.0000  25.0625  25.0000  25.1875  25.1875  25.1875 65535 0 1
61024   25.0000  25.0000  25.0000  25.1250  25.0000  25.1875  25.2500  25.1875 65535 0 1
62019   25.0000  25.0000  25.0625  25.0625  25.0000  25.1250  25.1875  25.1875 65535 0 1
63014   25.0000  25.0000  25.0625  25.1250  25.0000  25.1250  25.1875  25.1875 65535 0 1
64010   25.0000  24.9375  25.0625  25.0625  25.0000  25.1875  25.2500  25.1875 65535 0 1
65005   25.0000  25.0000  25.0000  25.0625  25.0000  25.1875  25.1875  25.1875 65535 0 1
66030   25.0000  25.0000  25.0625  25.1250  25.0000  25.1250  25.1875  25.1875 65535 0 1
67026   25.0000  25.0000  25.0625  25.1250  25.0000  25.1875  25.1875  25.1875 65535 0 1
68021   25.0000  25.0000  25.0625  25.1250  25.0000  25.1250  25.1875  25.1875 65535 0 1
69016   25.0000  24.9375  25.0625  25.0625  25.0000  25.1875  25.1875  25.1875 65535 0 1
70012   25.0000  25.0000  25.0625  25.0625  25.0000  25.1875  25.1875  25.1875 65535 0 1
71007   25.0000  24.9375  25.0625  25.0625  25.0000  25.1250  25.1875  25.1875 65535 0 1
72032   25.0000  25.0000  25.0625  25.0625  25.0000  25.1250  25.1875  25.1875 65535 0 1
73028   25.0000  25.0000  25.0625  25.0625  25.0000  25.1875  25.1875  25.1875 65535 0 1
74023   25.0000  25.0000  25.0625  25.0625  25.0000  25.1250  25.1875  25.1875 65535 0 1
75018   25.0000  25.0000  25.0625  25.0625  25.0625  25.1875  25.1875  25.1875 65535 0 1
76014   25.0000  25.0000  25.0625  25.0625  25.0000  25.1875  25.1875  25.1875 65535 0 1
77009   25.0000  24.9375  25.0000  25.0625  25.0000  25.1875  25.1875  25.1875 65535 0 1
78004   25.0000  25.0000  25.0625  25.0625  25.0000  25.1250  25.1875  25.1875 65535 0 1
79029   25.0000  25.0000  25.0000  25.1250  25.0000  25.1875  25.1875  25.1250 65535 0 1
80025   25.0000  25.0000  25.0625  25.0625  25.0000  25.1250  25.1875  25.1875 65535 0 1
81020   25.0000  25.0000  25.1250  25.1250  25.0000  25.1250  25.1875  25.1875 65535 0 1
82015   25.0000  25.0000  25.0000  25.0625  25.0000  25.1250  25.1875  25.1875 65535 0 1
83011   25.0000  25.0000  25.0625  25.1250  25.0000  25.1250  25.1875  25.1250 65535 0 1
84006   25.0000  25.0000  25.0000  25.0625  25.0000  25.1250  25.1875  25.1875 65535 0 1
85031   25.0000  24.9375  25.0625  25.0625  25.0000  25.1250  25.1875  25.1250 65535 0 1
86027   25.0000  25.0000  25.0625  25.0625  25.0000  25.1875  25.1875  25.1875 65535 0 1
87022   25.0000  25.0000  25.0625  25.1250  25.0000  25.1250  25.1875  25.1875 65535 0 1
88017   25.0000  25.0000  25.0625  25.0625  25.0000  25.1250  25.1875  25.1875 65535 0 1
89013   25.0000  25.0000  25.0000  25.0625  25.0000  25.1875  25.1875  25.1875 65535 0 1
90008   25.0000  25.0000  25.0000  25.0625  25.0000  25.1875  25.1875  25.1875 65535 0 1
91003   25.0000  25.0000  25.0625  25.0625  25.0000  25.1250  25.1875  25.1875 65535 0 1
92029   25.0000  25.0000  25.0000  25.0625  25.0000  25.1250  25.1875  25.1875 65535 0 1
93024   25.0000  25.0000  25.0625  25.0625  25.0000  25.1250  25.1875  25.1875 65535 0 1
94019   25.0000  25.0000  25.0000  25.0625  25.0000  25.1250  25.1875  25.1250 65535 0 1
95014   25.0000  25.0000  25.0000  25.0625  25.0000  25.1250  25.1875  25.1250 65535 0 1
96010   25.0000  24.9375  25.0625  25.0625  25.0000  25.1250  25.1875  25.1875 65535 0 1
97005   25.0000  25.0000  25.0625  25.0625  25.0000  25.1250  25.1875  25.1250 65535 0 1
98030   25.0000  25.0000  25.0625  25.0625  25.0000  25.1875  25.1875  25.1250 65535 0 1
99026   25.0000  25.0000  25.0625  25.0625  25.0000  25.1250  25.1875  25.1250 65535 0 1
100021   25.0000  25.0000  25.0625  25.0625  25.0000  25.1250  25.1875  25.1250 65535 0 1
101016   25.0000  25.0000  25.1250  25.0625  25.0000  25.1875  25.1875  25.1250 65535 0 1
102013   25.0000  25.0000  25.1250  25.0625  25.0000  25.1250  25.1875  25.1250 65535 0 1
103010   25.0000  25.0000  25.0625  25.0625  25.0000  25.1250  25.1875  25.1250 65535 0 1
104006   25.0000  25.0000  25.0625  25.1250  25.0000  25.1250  25.1875  25.1875 65535 0 1
105003   25.0000  25.0000  25.0625  25.0625  25.0000  25.1250  25.1875  25.1875 65535 0 1
106030   25.0000  25.0000  25.0625  25.0625  25.0000  25.1875  25.1875  25.1875 65535 0 1
107026   25.0000  25.0000  25.0625  25.1250  25.0000  25.1250  25.1875  25.1875 65535 0 1
108023   25.0000  24.9375  25.0000  25.0625  25.0000  25.1875  25.1875  25.1875 65535 0 1
109020   25.0000  25.0000  25.0625  25.0625  25.0000  25.1875  25.1875  25.1875 65535 0 1
110016   25.0000  24.9375  25.0625  25.0625  25.0000  25.1250  25.1875  25.1875 65535 0 1
111013   25.0000  25.0000  25.0625  25.0625  25.0000  25.1875  25.1875  25.1875 65535 0 1
112010   25.0000  25.0000  25.0000  25.0625  25.0000  25.1250  25.1875  25.1875 65535 0 1
113006   25.0000  25.0000  25.0625  25.0625  25.0000  25.1875  25.1875  25.1250 65535 0 1
114003   25.0000  24.9375  25.0625  25.0625  25.0000  25.1250  25.1875  25.1875 65535 0 1
115030   25.0000  24.9375  25.0625  25.0625  25.0000  25.1250  25.1875  25.1875 65535 0 1
116026   25.0000  25.0000  25.0625  25.1250  25.0000  25.1250  25.1875  25.1250 65535 0 1
117023   25.0000  24.9375  25.0625  25.0625  25.0000  25.1875  25.1875  25.1875 65535 0 1
118020   25.0000  24.9375  25.0000  25.0625  25.0000  25.1875  25.1875  25.1875 65535 0 1
119016   25.0000  25.0000  25.1250  25.0625  25.0000  25.1875  25.1875  25.1875 65535 0 1
120013   25.0000  25.0000  25.0625  25.0625  25.0000  25.1875  25.1875  25.1875 65535 0 1
121010   25.0000  25.0000  25.0625  25.0625  25.0000  25.1875  25.1875  25.1875 65535 0 1
122006   25.0000  24.9375  25.0625  25.0625  25.0000  25.1875  25.1875  25.1250 65535 0 1
123003   25.0000  24.9375  25.0625  25.0625  25.0000  25.1875  25.1875  25.1875 65535 0 1
124030   25.0000  25.0000  25.0625  25.1250  25.0000  25.1250  25.1875  25.1875 65535 0 1
125026   25.0000  24.9375  25.0000  25.0625  25.0000  25.1250  25.1875  25.1250 65535 0 1
126023   25.0000  25.0000  25.0000  25.0625  25.0000  25.1875  25.1875  25.1875 65535 0 1
127020   25.0000  24.9375  25.0625  25.0625  25.0000  25.1875  25.1875  25.1875 65535 0 1
128016   25.0000  25.0000  25.0625  25.0625  25.0000  25.1250  25.1875  25.1875 65535 0 1
129013   25.0000  24.9375  25.0000  25.0625  25.0000  25.1875  25.1875  25.1875 65535 0 1
130010   25.0000  25.0000  25.0625  25.0625  25.0000  25.1250  25.1875  25.1875 65535 0 1
131006   25.0000  24.9375  25.0625  25.0625  24.9375  25.1250  25.1875  25.1250 65535 0 1
132003   25.0000  25.0000  25.0000  25.0625  25.0000  25.1875  25.1875  25.1875 65535 0 1
133030   25.0000  24.9375  25.0625  25.0625  25.0000  25.1875  25.1875  25.1250 65535 0 1
134026   25.0000  24.9375  25.0000  25.0625  25.0000  25.1250  25.1875  25.1250 65535 0 1
135023   25.0000  25.0000  25.0625  25.0625  25.0000  25.1250  25.1875  25.1250 65535 0 1
136020   25.0000  24.9375  25.0625  25.0625  25.0000  25.1875  25.1875  25.1875 65535 0 1
137016   25.0000  24.9375  25.0625  25.0625  25.0000  25.1875  25.1875  25.1250 65535 0 1
138013   25.0000  24.9375  25.0000  25.0625  25.0000  25.1250  25.1875  25.1875 65535 0 1
139010   25.0000  25.0000  25.1250  25.0625  25.0000  25.1250  25.1875  25.1875 65535 0 1
140006   25.0000  24.9375  25.1250  25.0625  25.0000  25.1875  25.1875  25.1875 65535 0 1
141003   25.0000  24.9375  25.0625  25.0625  25.0000  25.1875  25.1875  25.1875 65535 0 1
142030   25.0000  24.9375  25.0000  25.0625  25.0000  25.1250  25.1875  25.1250 65535 0 1
143026   25.0000  24.9375  25.0625  25.0625  25.0000  25.1250  25.1875  25.1250 65535 0 1
144023   25.0000  24.9375  25.0000  25.0625  25.0000  25.1250  25.1875  25.1875 65535 0 1
145020   25.0000  25.0000  25.1250  25.0625  25.0000  25.1250  25.1875  25.1875 65535 0 1
146016   25.0000  24.9375  25.0000  25.0625  25.0000  25.1250  25.1875  25.1250 65535 0 1
147013   25.0000  24.9375  25.0625  25.0625  25.0000  25.1250  25.1875  25.1875 65535 0 1
148010   25.0000  24.9375  25.0000  25.0625  25.0000  25.1875  25.1875  25.1250 65535 0 1
149006   24.9375  24.9375  25.0000  25.0625  25.0000  25.1250  25.1875  25.1875 65535 0 1
150003   25.0000  24.9375  25.0000  25.0625  25.0000  25.1250  25.1875  25.1875 65535 0 1
151030   25.0000  24.9375  25.0625  25.0625  25.0000  25.1250  25.1875  25.1875 65535 0 1
152026   25.0000  24.9375  25.1250  25.0625  25.0000  25.1250  25.1875  25.1250 65535 0 1
153023   25.0000  25.0000  25.0625  25.0625  25.0000  25.1250  25.1875  25.1875 65535 0 1
154020   25.0000  24.9375  25.0625  25.0625  24.9375  25.1250  25.1250  25.1875 65535 0 1
155016   25.0000  24.9375  25.0000  25.0625  25.0000  25.1250  25.1875  25.1875 65535 0 1
156013   24.9375  24.9375  25.0000  25.0625  24.9375  25.1250  25.1875  25.1875 65535 0 1
157010   25.0000  25.0000  25.0625  25.0625  25.0000  25.1250  25.1875  25.1250 65535 0 1
158006   25.0000  24.9375  25.0000  25.0625  25.0000  25.1250  25.1875  25.1250 65535 0 1
159003   25.0000  24.9375  25.0625  25.0625  24.9375  25.1250  25.1875  25.1875 65535 0 1
160030   25.0000  24.9375  25.0000  25.0625  24.9375  25.1250  25.1875  25.1250 65535 0 1
161026   25.0000  24.9375  25.0000  25.0625  25.0000  25.1250  25.1875  25.1875 65535 0 1
162023   25.0000  24.9375  25.0625  25.0625  25.0000  25.1250  25.1250  25.1875 65535 0 1
163020   25.0000  24.9375  25.0000  25.0625  25.0000  25.1250  25.1875  25.1875 65535 0 1
164016   25.0000  24.9375  25.0000  25.0625  25.0000  25.1250  25.1875  25.1250 65535 0 1
165013   25.0000  24.9375  25.0000  25.0625  25.0000  25.1250  25.1875  25.1875 65535 0 1
166010   25.0000  25.0000  25.0000  25.0625  24.9375  25.1250  25.1875  25.1250 65535 0 1
167006   25.0000  25.0000  25.0625  25.0625  24.9375  25.1250  25.1875  25.1250 65535 0 1
168003   25.0000  25.0000  25.0000  25.0625  25.0000  25.1250  25.1875  25.1875 65535 0 1
169030   25.0000  24.9375  25.0000  25.0625  25.0000  25.1250  25.1875  25.1875 65535 0 1
170026   25.0000  24.9375  25.0000  25.0625  24.9375  25.1250  25.1875  25.1250 65535 0 1
171023   25.0000  25.0000  25.0000  25.0625  25.0000  25.1250  25.1875  25.1875 65535 0 1
172020   25.0000  25.0000  25.0625  25.0625  25.0000  25.1875  25.1875  25.1250 65535 0 1
173016   25.0000  24.9375  25.0000  25.0625  25.0000  25.1250  25.1875  25.1875 65535 0 1
174013   25.0000  24.9375  25.0000  25.0000  25.0000  25.1250  25.1875  25.1875 65535 0 1
175010   25.0000  24.9375  25.0000  25.0625  24.9375  25.1250  25.1875  25.1875 65535 0 1
176006   25.0000  25.0000  25.0000  25.0625  25.0000  25.1250  25.1875  25.1875 65535 0 1
177003   25.0000  25.0000  25.0000  25.0625  25.0000  25.1250  25.1875  25.1875 65535 0 1
178030   25.0000  25.0000  25.0000  25.0625  25.0000  25.1250  25.1875  25.1875 65535 0 1
179026   25.0000  25.0000  25.0000  25.0625  25.0000  25.1250  25.1875  25.1875 65535 0 1
180023   25.0000  24.9375  25.0625  25.0625  25.0000  25.1250  25.1875  25.1875 65535 0 1
181020   25.0000  25.0000  25.1250  25.0625  25.0000  25.1875  25.1875  25.1875 65535 0 1
182016   25.0000  25.0000  25.0000  25.0625  25.0000  25.1250  25.1875  25.1875 65535 0 1
183013   25.0000  25.0000  25.0000  25.0625  25.0000  25.1250  25.1875  25.1875 65535 0 1
184010   25.0000  25.0000  25.0625  25.0625  25.0000  25.1875  25.1875  25.1875 65535 0 1
185006   25.0000  24.9375  25.0625  25.0625  25.0000  25.1250  25.1875  25.1875 65535 0 1
186003   25.0000  25.0000  25.0625  25.0625  25.0000  25.1875  25.1875  25.1875 65535 0 1
187030   25.0000  25.0000  25.0000  25.0625  25.0000  25.1250  25.1875  25.1250 65535 0 1
188026   25.0000  24.9375  25.0000  25.0625  25.0000  25.1250  25.1875  25.1250 65535 0 1
189023   25.0000  25.0000  25.0625  25.0625  25.0000  25.1250  25.1875  25.1250 65535 0 1
190020   25.0000  25.0000  25.0625  25.0625  25.0000  25.1250  25.1875  25.1875 65535 0 1
191016   25.0000  25.0000  25.0000  25.0625  25.0000  25.1250  25.1875  25.1875 65535 0 1
192013   25.0000  25.0000  25.1250  25.0625  25.0000  25.1250  25.1875  25.1875 65535 0 1
193010   25.0000  25.0000  25.1250  25.1250  25.0000  25.1875  25.1875  25.1875 65535 0 1
194006   25.0000  25.0000  25.0625  25.1250  25.0000  25.1875  25.1875  25.1875 65535 0 1
195003   25.0000  25.0000  25.0625  25.0625  25.0000  25.1250  25.1875  25.1875 65535 0 1
196030   25.0000  25.0000  25.0625  25.0625  25.0000  25.1875  25.1875  25.1875 65535 0 1
197026   25.0000  25.0000  25.0625  25.0625  25.0000  25.1875  25.1875  25.1875 65535 0 1
198023   25.0000  25.0000  25.0625  25.1250  25.0000  25.1875  25.1875  25.1875 65535 0 1
199020   25.0000  25.0000  25.0625  25.1250  25.0000  25.1250  25.1875  25.1875 65535 0 1
200016   25.0000  25.0000  25.0625  25.0625  25.0000  25.1875  25.1875  25.1875 65535 0 1
201013   25.0000  25.0000  25.0000  25.0625  25.0000  25.1875  25.1875  25.1875 65535 0 1
202010   25.0000  25.0000  25.1250  25.1250  25.0000  25.1875  25.1875  25.1875 65535 0 1
203006   25.0000  25.0000  25.0625  25.1250  25.0000  25.1875  25.1875  25.1875 65535 0 1
204003   25.0000  25.0000  25.0625  25.0625  25.0000  25.1250  25.1875  25.1875 65535 0 1
205030   25.0000  25.0000  25.0625  25.1250  25.0000  25.1875  25.1875  25.1875 65535 0 1
206026   25.0000  24.9375  25.1250  25.0625  25.0000  25.1250  25.2500  25.1875 65535 0 1
207023   25.0625  25.0000  25.0625  25.1250  25.0000  25.1250  25.2500  25.1875 65535 0 1
208020   25.0000  25.0000  25.0625  25.1250  25.0000  25.1875  25.1875  25.1875 65535 0 1
209016   25.0625  25.0000  25.0625  25.1250  25.0000  25.1875  25.1875  25.1875 65535 0 1
210013   25.0000  25.0000  25.0625  25.1250  25.0000  25.1250  25.1875  25.2500 65535 0 1
211010   25.0625  25.0000  25.0625  25.1250  25.0000  25.1875  25.1875  25.1875 65535 0 1
212006   25.0000  25.0000  25.0625  25.1250  25.0000  25.1250  25.1875  25.1875 65535 0 1
213003   25.0625  25.0000  25.0625  25.0625  25.0000  25.1875  25.1875  25.1875 65535 0 1
214030   25.0000  25.0000  25.1250  25.1250  25.0000  25.1875  25.1875  25.1875 65535 0 1
215026   25.0000  25.0000  25.0625  25.1250  25.0000  25.1875  25.1875  25.1875 65535 0 1
216023   25.0625  25.0000  25.1250  25.0625  25.0000  25.1250  25.1875  25.2500 65535 0 1
217020   25.0000  25.0000  25.1250  25.1250  25.0000  25.1875  25.1875  25.1875 65535 0 1
218016   25.0000  25.0000  25.0625  25.0625  25.0000  25.1875  25.1875  25.2500 65535 0 1
219013   25.0000  25.0000  25.0000  25.1250  25.0000  25.1250  25.1875  25.1875 65535 0 1
220010   25.0000  25.0000  25.0625  25.1250  25.0000  25.1875  25.2500  25.1875 65535 0 1
221006   25.0000  25.0000  25.0625  25.1250  25.0000  25.1875  25.1875  25.1875 65535 0 1
222003   25.0000  25.0000  25.0625  25.0625  25.0000  25.1875  25.1875  25.1875 65535 0 1
223030   25.0000  25.0000  25.0625  25.1250  25.0000  25.1875  25.1875  25.1875 65535 0 1
224026   25.0000  25.0000  25.0000  25.1250  25.0000  25.1250  25.1875  25.1875 65535 0 1
225023   25.0000  25.0000  25.0625  25.0625  25.0000  25.1875  25.1875  25.1875 65535 0 1
226020   25.0000  25.0000  25.1250  25.0625  25.0000  25.1875  25.1875  25.1875 65535 0 1
227016   25.0000  25.0000  25.0625  25.1250  25.0000  25.1875  25.1875  25.1875 65535 0 1
228013   25.0000  25.0000  25.0625  25.0625  25.0000  25.1875  25.1875  25.1875 65535 0 1
229010   25.0000  25.0000  25.0625  25.1250  25.0000  25.1875  25.1875  25.1875 65535 0 1
230006   25.0000  25.0000  25.0000  25.1250  25.0000  25.1875  25.1875  25.1875 65535 0 1
231003   25.0000  25.0000  25.0625  25.1250  25.0000  25.1875  25.1875  25.1875 65535 0 1
232030   25.0000  25.0000  25.1250  25.1250  25.0000  25.1875  25.1875  25.1875 65535 0 1
233026   25.0000  25.0000  25.0625  25.0625  25.0000  25.1875  25.1875  25.1875 65535 0 1
234023   25.0000  25.0000  25.0625  25.0625  25.0000  25.1875  25.1875  25.1875 65535 0 1
235020   25.0000  25.0000  25.0625  25.1250  25.0000  25.1875  25.1875  25.1875 65535 0 1
236016   25.0000  25.0000  25.1250  25.1250  25.0000  25.1875  25.1875  25.1875 65535 0 1
237013   25.0000  25.0000  25.0625  25.1250  25.0000  25.1875  25.1875  25.1875 65535 0 1
238010   25.0000  25.0000  25.0625  25.1250  25.0000  25.1875  25.1875  25.1875 65535 0 1
239006   25.0000  25.0000  25.0000  25.1250  25.0000  25.1875  25.1875  25.1875 65535 0 1
240003   25.0000  25.0000  25.0625  25.1250  25.0000  25.1875  25.2500  25.2500 65535 0 1
241030   25.0000  25.0000  25.0625  25.1250  25.0000  25.1875  25.1875  25.1875 65535 0 1
242026   25.0000  25.0000  25.0000  25.1250  25.0000  25.1875  25.2500  25.1875 65535 0 1
243023   25.0000  25.0000  25.0625  25.1250  25.0000  25.1875  25.1875  25.1875 65535 0 1
244020   25.0000  25.0000  25.0625  25.1250  25.0000  25.1875  25.1875  25.1875 65535 0 1
245016   25.0000  25.0000  25.0625  25.1250  25.0000  25.1875  25.2500  25.1875 65535 0 1
246013   25.0000  25.0000  25.0625  25.1250  25.0000  25.1875  25.2500  25.1875 65535 0 1
247010   25.0625  25.0000  25.0625  25.1250  25.0000  25.1875  25.1875  25.1875 65535 0 1
248006   25.0000  25.0000  25.0000  25.1250  25.0000  25.1875  25.2500  25.1875 65535 0 1
249003   25.0000  25.0000  25.0625  25.1250  25.0000  25.1250  25.2500  25.1875 65535 0 1
250030   25.0000  25.0000  25.0625  25.1250  25.0000  25.1875  25.2500  25.1875 65535 0 1
251026   25.0000  25.0000  25.0000  25.1250  25.0000  25.1875  25.2500  25.1875 65535 0 1
252023   25.0000  25.0000  25.0625  25.1250  25.0000  25.1875  25.1875  25.1875 65535 0 1
253020   25.0000  25.0000  25.0625  25.1250  25.0000  25.1875  25.1875  25.1875 65535 0 1
254016   25.0000  25.0000  25.0625  25.0625  25.0000  25.1875  25.1875  25.1875 65535 0 1
255013   25.0000  25.0000  25.0625  25.1250  25.0000  25.1875  25.1875  25.1875 65535 0 1
256010   25.0000  25.0000  25.1250  25.1250  25.0000  25.1875  25.2500  25.1875 65535 0 1
257006   25.0000  24.9375  25.0625  25.1250  25.0000  25.1875  25.2500  25.1875 65535 0 1
258003   25.0000  25.0000  25.1250  25.1250  25.0000  25.1875  25.1875  25.1875 65535 0 1
259030   25.0000  25.0000  25.0625  25.1250  25.0000  25.1875  25.2500  25.1875 65535 0 1
260026   25.0000  25.0000  25.0625  25.1250  25.0000  25.1875  25.2500  25.1875 65535 0 1
261023   25.0625  25.0000  25.0625  25.1250  25.0000  25.1875  25.1875  25.2500 65535 0 1
262020   25.0000  25.0000  25.0625  25.1250  25.0000  25.1875  25.2500  25.1875 65535 0 1
263016   25.0000  25.0000  25.0000  25.1250  25.0000  25.1875  25.2500  25.1875 65535 0 1
264013   25.0000  25.0000  25.0625  25.0625  25.0000  25.1875  25.1875  25.1875 65535 0 1
265010   25.0000  25.0000  25.0625  25.1250  25.0000  25.1875  25.1875  25.1875 65535 0 1
266006   25.0000  25.0000  25.0000  25.1250  25.0000  25.1875  25.2500  25.1875 65535 0 1
267003   25.0000  25.0000  25.1250  25.1250  25.0000  25.1875  25.1875  25.1875 65535 0 1
268030   25.0000  25.0000  25.1250  25.1250  25.0000  25.1875  25.1875  25.1875 65535 0 1
269026   25.0000  25.0000  25.0625  25.0625  25.0000  25.1875  25.2500  25.1875 65535 0 1
270023   25.0000  25.0000  25.1250  25.0625  25.0000  25.1875  25.1875  25.1875 65535 0 1
271020   25.0000  25.0000  25.0625  25.1250  25.0000  25.1875  25.1875  25.1875 65535 0 1
272016   25.0000  25.0000  25.0625  25.1250  25.0000  25.1875  25.2500  25.1875 65535 0 1
273013   25.0000  25.0000  25.0625  25.1250  25.0000  25.1875  25.1875  25.1875 65535 0 1
274010   25.0000  25.0000  25.0625  25.0625  25.0000  25.1875  25.1875  25.1875 65535 0 1
275006   25.0000  25.0000  25.0625  25.1250  25.0000  25.1875  25.2500  25.1875 65535 0 1
276003   25.0000  25.0000  25.0625  25.1250  25.0000  25.1875  25.1875  25.1875 65535 0 1
277030   25.0000  25.0000  25.0625  25.1250  25.0000  25.1875  25.1875  25.1875 65535 0 1
278026   25.0000  25.0000  25.0000  25.1250  25.0000  25.1875  25.1875  25.1875 65535 0 1
279023   25.0000  25.0000  25.1250  25.0625  25.0000  25.1875  25.1875  25.1875 65535 0 1
280020   25.0000  25.0000  25.0625  25.1250  25.0000  25.1875  25.1875  25.1875 65535 0 1
281016   25.0000  25.0000  25.0625  25.0625  25.0000  25.1875  25.1875  25.1875 65535 0 1
282013   25.0000  25.0000  25.0625  25.1250  25.0000  25.1875  25.1875  25.1875 65535 0 1
283010   25.0000  25.0000  25.0625  25.1250  25.0000  25.1875  25.1875  25.1875 65535 0 1
284006   25.0000  25.0000  25.0625  25.1250  25.0000  25.1875  25.1875  25.1875 65535 0 1
285003   25.0000  25.0000  25.1250  25.0625  25.0000  25.1875  25.1875  25.1875 65535 0 1
286030   25.0000  25.0000  25.0625  25.1250  25.0000  25.1875  25.1875  25.1875 65535 0 1
287026   25.0000  25.0000  25.0625  25.1250  25.0000  25.1250  25.1875  25.1875 65535 0 1
288023   25.0000  25.0000  25.1250  25.0625  25.0000  25.1250  25.1875  25.1875 65535 0 1
289020   25.0000  25.0000  25.0625  25.1250  25.0000  25.1875  25.1875  25.1875 65535 0 1
290016   25.0000  25.0000  25.0625  25.1250  25.0000  25.1875  25.1875  25.1875 65535 0 1
291013   25.0000  25.0000  25.0625  25.0625  25.0000  25.1875  25.1875  25.1875 65535 0 1
292010   25.0000  25.0000  25.1250  25.0625  25.0000  25.1875  25.1875  25.1875 65535 0 1
293006   25.0000  25.0000  25.0625  25.0625  25.0000  25.1875  25.1875  25.1875 65535 0 1
294003   25.0000  25.0000  25.0625  25.0625  25.0000  25.1250  25.1875  25.1875 65535 0 1
295030   25.0000  25.0000  25.0625  25.1250  25.0000  25.1250  25.1875  25.1875 65535 0 1
296026   25.0000  25.0000  25.1250  25.1250  25.0000  25.1875  25.1875  25.1875 65535 0 1
297023   25.0000  25.0000  25.1250  25.1250  25.0000  25.1875  25.1875  25.1875 65535 0 1
298020   25.0000  25.0000  25.1250  25.1250  25.0000  25.1875  25.1875  25.1875 65535 0 1
299016   25.0000  25.0000  25.1250  25.0625  25.0000  25.1875  25.1875  25.1875 65535 0 1
300013   25.0000  25.0000  25.0625  25.0625  25.0000  25.1875  25.1875  25.1875 65535 0 1
301010   25.0000  25.0000  25.0625  25.1250  25.0000  25.1875  25.1875  25.1875 65535 0 1
302006   25.0000  25.0000  25.0625  25.0625  25.0000  25.1875  25.1875  25.1875 65535 0 1
303003   25.0000  25.0000  25.0625  25.1250  25.0000  25.1875  25.2500  25.1875 65535 0 1
304030   25.0000  25.0000  25.0625  25.0625  25.0000  25.1875  25.1875  25.1875 65535 0 1
305026   25.0000  25.0000  25.0625  25.1250  25.0000  25.1875  25.1875  25.1875 65535 0 1
306023   25.0000  25.0000  25.0000  25.0625  25.0000  25.1250  25.1875  25.1875 65535 0 1
307020   25.0000  25.0000  25.0000  25.0625  25.0000  25.1875  25.1875  25.1875 65535 0 1
308016   25.0000  25.0000  25.1250  25.0625  25.0000  25.1875  25.1875  25.1875 65535 0 1
309013   25.0000  25.0000  25.0625  25.0625  25.0000  25.1875  25.1875  25.1875 65535 0 1
310010   25.0000  25.0000  25.0625  25.0625  25.0000  25.1875  25.1875  25.1875 65535 0 1
311006   25.0000  25.0000  25.0000  25.1250  25.0000  25.1250  25.1875  25.1875 65535 0 1
312003   25.0000  25.0000  25.0625  25.0625  25.0000  25.1875  25.1875  25.2500 65535 0 1
313030   25.0000  25.0000  25.1250  25.1250  25.0000  25.1250  25.1875  25.1250 65535 0 1
314026   25.0000  25.0000  25.0625  25.0625  25.0000  25.1250  25.1875  25.1875 65535 0 1
315023   25.0000  25.0000  25.1250  25.1250  25.0000  25.1250  25.1875  25.1875 65535 0 1
316020   25.0000  25.0000  25.0625  25.0625  25.0000  25.1875  25.1875  25.1875 65535 0 1
317016   25.0000  25.0000  25.1250  25.1250  25.0000  25.1250  25.1875  25.1875 65535 0 1
318013   25.0000  25.0000  25.0625  25.0625  25.0000  25.1875  25.1875  25.1875 65535 0 1
319010   25.0000  25.0000  25.0625  25.1250  25.0000  25.1875  25.1875  25.1875 65535 0 1
320006   25.0000  25.0000  25.0000  25.1250  25.0000  25.1250  25.1875  25.1875 65535 0 1
321003   25.0000  25.0000  25.0625  25.0625  25.0000  25.1250  25.1875  25.1875 65535 0 1
322030   25.0000  25.0000  25.0625  25.0625  25.0000  25.1875  25.1875  25.1875 65535 0 1
323026   25.0000  25.0000  25.0625  25.0625  25.0000  25.1250  25.1875  25.1875 65535 0 1
324023   25.0000  25.0000  25.0625  25.0625  25.0000  25.1875  25.1875  25.1875 65535 0 1
325020   25.0000  25.0000  25.0625  25.0625  25.0000  25.1875  25.1875  25.1875 65535 0 1
326016   25.0000  25.0000  25.1250  25.1250  25.0000  25.1875  25.1875  25.1875 65535 0 1
327013   25.0000  25.0000  25.0625  25.1250  25.0000  25.1250  25.1875  25.1875 65535 0 1
328010   25.0000  25.0000  25.0625  25.1250  25.0000  25.1875  25.1875  25.1875 65535 0 1
329006   25.0000  25.0000  25.1250  25.0625  25.0000  25.1875  25.1875  25.1875 65535 0 1
330003   25.0000  25.0000  25.1250  25.1250  25.0000  25.1875  25.1875  25.1875 65535 0 1
331030   25.0000  25.0000  25.0625  25.1250  25.0000  25.1875  25.1875  25.1875 65535 0 1
332026   25.0000  25.0000  25.0625  25.1250  25.0000  25.1875  25.1875  25.1875 65535 0 1
333023   25.0000  25.0000  25.0625  25.1250  25.0000  25.1875  25.1875  25.1875 65535 0 1
334020   25.0000  25.0000  25.0625  25.1250  25.0000  25.1875  25.1875  25.1875 65535 0 1
335016   25.0000  25.0000  25.0625  25.1250  25.0000  25.1875  25.2500  25.1875 65535 0 1
336013   25.0000  25.0000  25.0625  25.1250  25.0000  25.1875  25.1875  25.1875 65535 0 1
337010   25.0000  25.0000  25.0625  25.1250  25.0000  25.1875  25.1875  25.1875 65535 0 1
338006   25.0000  25.0000  25.0625  25.0625  25.0000  25.1875  25.2500  25.1875 65535 0 1
339003   25.0000  25.0000  25.1250  25.1250  25.0000  25.1875  25.1875  25.1875 65535 0 1
340030   25.0000  25.0000  25.0625  25.1250  25.0000  25.1875  25.1875  25.1875 65535 0 1
341026   25.0000  25.0000  25.0625  25.1250  25.0000  25.1875  25.2500  25.1875 65535 0 1
342023   25.0000  25.0000  25.1250  25.1250  25.0625  25.1875  25.1875  25.1875 65535 0 1
343020   25.0000  25.0000  25.1250  25.0625  25.0000  25.1875  25.1875  25.1875 65535 0 1
344016   25.0000  25.0000  25.0625  25.0625  25.0000  25.1875  25.1875  25.1875 65535 0 1
345013   25.0000  25.0000  25.0625  25.1250  25.0000  25.1875  25.1875  25.1875 65535 0 1
346010   25.0000  25.0000  25.0625  25.1250  25.0000  25.1875  25.1875  25.1875 65535 0 1
347006   25.0000  25.0000  25.0625  25.1250  25.0000  25.1875  25.1875  25.1875 65535 0 1
348003   25.0000  25.0000  25.0625  25.0625  25.0000  25.1250  25.1875  25.1875 65535 0 1
349030   25.0000  25.0000  25.0625  25.1250  25.0000  25.1875  25.1875  25.1875 65535 0 1
350026   25.0000  25.0000  25.1250  25.0625  25.0000  25.1875  25.1875  25.1875 65535 0 1
351023   25.0000  25.0000  25.0625  25.1250  25.0000  25.1250  25.1875  25.1875 65535 0 1
352020   25.0000  25.0000  25.0625  25.1250  25.0000  25.1875  25.1875  25.1875 65535 0 1
353016   25.0000  25.0000  25.0625  25.1250  25.0625  25.1875  25.1875  25.1875 65535 0 1
354013   25.0000  25.0000  25.0625  25.1250  25.0000  25.1250  25.1875  25.1875 65535 0 1
355010   25.0000  25.0000  25.0625  25.1250  25.0000  25.1875  25.1875  25.1875 65535 0 1
356006   25.0000  25.0000  25.0625  25.1250  25.0000  25.1875  25.1875  25.1875 65535 0 1
357003   25.0000  24.9375  25.1250  25.0625  25.0000  25.1875  25.1875  25.1875 65535 0 1
358030   25.0000  25.0000  25.0625  25.0625  25.0000  25.1875  25.1875  25.1875 65535 0 1
359026   25.0000  25.0000  25.0625  25.1250  25.0000  25.1875  25.1875  25.1875 65535 0 1
360023   25.0000  25.0000  25.0625  25.0625  25.0000  25.1875  25.1875  25.1875 65535 0 1
361020   25.0000  25.0000  25.0625  25.0625  25.0000  25.1875  25.1875  25.1875 65535 0 1
362016   25.0000  24.9375  25.0625  25.0625  25.0000  25.1875  25.2500  25.1875 65535 0 1
363013   25.0000  25.0000  25.0625  25.0625  25.0000  25.1875  25.1875  25.1875 65535 0 1
364010   25.0000  25.0000  25.0625  25.0625  25.0000  25.1875  25.1875  25.1875 65535 0 1
365006   25.0000  25.0000  25.0625  25.1250  25.0000  25.1250  25.1875  25.1875 65535 0 1
366003   25.0000  25.0000  25.0625  25.0625  25.0000  25.1875  25.1875  25.1875 65535 0 1
367030   25.0000  25.0000  25.0625  25.1250  25.0000  25.1875  25.1875  25.1875 65535 0 1
368026   25.0000  25.0000  25.0625  25.1250  25.0000  25.1875  25.1875  25.1875 65535 0 1
369023   25.0000  25.0000  25.1250  25.0625  25.0000  25.1875  25.1875  25.1875 65535 0 1
370020   25.0000  25.0000  25.0625  25.1250  25.0000  25.1875  25.1875  25.1875 65535 0 1
371016   25.0000  25.0000  25.0625  25.1250  25.0000  25.1250  25.1875  25.1875 65535 0 1
372013   25.0000  25.0000  25.0625  25.0625  25.0000  25.1250  25.1875  25.1875 65535 0 1
373010   25.0000  25.0000  25.0625  25.0625  25.0000  25.1875  25.1875  25.1875 65535 0 1
374006   25.0000  25.0000  25.0000  25.0625  25.0000  25.1250  25.2500  25.1875 65535 0 1
375003   25.0000  25.0000  25.0625  25.1250  25.0000  25.1250  25.1875  25.1875 65535 0 1
376030   25.0000  25.0000  25.0625  25.0625  25.0000  25.1875  25.1875  25.1875 65535 0 1
377026   25.0000  25.0000  25.0625  25.0625  25.0000  25.1875  25.2500  25.1875 65535 0 1
378023   25.0000  25.0000  25.0625  25.1250  25.0000  25.1875  25.1875  25.1875 65535 0 1
379020   25.0000  25.0000  25.0625  25.0625  25.0000  25.1875  25.1875  25.1875 65535 0 1
380016   25.0000  25.0000  25.0625  25.0625  25.0000  25.1875  25.2500  25.1875 65535 0 1
381013   25.0000  25.0000  25.1250  25.0625  25.0000  25.1875  25.1875  25.1875 65535 0 1
382010   25.0000  25.0000  25.0625  25.1250  25.0000  25.1875  25.1875  25.1875 65535 0 1
383006   25.0000  25.0000  25.0625  25.1250  25.0000  25.1875  25.1875  25.1875 65535 0 1
384003   25.0000  25.0000  25.0625  25.1250  25.0000  25.1875  25.1875  25.1250 65535 0 1
385030   25.0000  25.0000  25.0625  25.0625  25.0000  25.1875  25.1875  25.1875 65535 0 1
386026   25.0000  25.0000  25.0625  25.1250  25.0000  25.1875  25.2500  25.1875 65535 0 1
387023   25.0000  25.0000  25.0625  25.0625  25.0000  25.1875  25.2500  25.1875 65535 0 1
388020   25.0000  25.0000  25.1250  25.0625  25.0000  25.1875  25.1875  25.1875 65535 0 1
389016   25.0000  25.0000  25.1250  25.1250  25.0000  25.1875  25.1875  25.1875 65535 0 1
390013   25.0000  25.0000  25.0625  25.1250  25.0000  25.1875  25.1875  25.1875 65535 0 1
391010   25.0000  25.0000  25.1250  25.1250  25.0000  25.1875  25.1875  25.1875 65535 0 1
392006   25.0000  25.0000  25.0625  25.1250  25.0000  25.1875  25.1875  25.1875 65535 0 1
393003   25.0000  25.0000  25.0000  25.0625  25.0000  25.1875  25.1875  25.1875 65535 0 1
394030   25.0625  25.0000  25.0625  25.1250  25.0000  25.1875  25.1875  25.1875 65535 0 1
395026   25.0000  25.0000  25.0625  25.1250  25.0000  25.1875  25.2500  25.1875 65535 0 1
396023   25.0000  25.0000  25.1250  25.1250  25.0000  25.1875  25.1875  25.1875 65535 0 1
397020   25.0000  25.0000  25.0625  25.0625  25.0000  25.1875  25.1875  25.1875 65535 0 1
398016   25.0000  25.0000  25.0625  25.1250  25.0000  25.1875  25.1875  25.1875 65535 0 1
399013   25.0000  25.0000  25.0625  25.1250  25.0000  25.1875  25.1875  25.1875 65535 0 1
400010   25.0000  25.0000  25.0625  25.1250  25.0000  25.1875  25.1875  25.1875 65535 0 1
401006   25.0000  25.0000  25.0625  25.0625  25.0000  25.1875  25.1875  25.1875 65535 0 1
402003   25.0000  25.0000  25.0625  25.1250  25.0000  25.1875  25.1875  25.1875 65535 0 1
403030   25.0000  25.0000  25.0625  25.0625  25.0000  25.1875  25.1875  25.1875 65535 0 1
404026   25.0000  25.0000  25.0000  25.1250  25.0000  25.1250  25.1875  25.1875 65535 0 1
405023   25.0000  25.0000  25.0625  25.1250  25.0000  25.1875  25.1875  25.1875 65535 0 1
406020   25.0000  25.0000  25.1250  25.1250  25.0000  25.1875  25.1875  25.1875 65535 0 1
407016   25.0000  25.0000  25.0625  25.1250  25.0000  25.1875  25.1875  25.1875 65535 0 1
408013   25.0000  25.0000  25.1250  25.1250  25.0000  25.1250  25.1875  25.1875 65535 0 1
409010   25.0000  25.0000  25.0625  25.1250  25.0000  25.1875  25.1875  25.1875 65535 0 1
410006   25.0000  25.0000  25.0625  25.0625  25.0000  25.1875  25.1875  25.1875 65535 0 1
411003   25.0000  25.0000  25.0625  25.0625  25.0000  25.1875  25.1875  25.1875 65535 0 1
412030   25.0000  25.0000  25.1250  25.1250  25.0000  25.1875  25.1875  25.1875 65535 0 1
413026   25.0000  25.0000  25.0625  25.1250  25.0000  25.1875  25.2500  25.1875 65535 0 1
414023   25.0000  25.0000  25.1250  25.1250  25.0000  25.1875  25.1875  25.1875 65535 0 1
415020   25.0625  25.0000  25.1250  25.1250  25.0000  25.1875  25.1875  25.1875 65535 0 1
416016   25.0000  25.0000  25.0625  25.1250  25.0000  25.1875  25.2500  25.1875 65535 0 1
417013   25.0625  25.0000  25.1250  25.1250  25.0625  25.1875  25.1875  25.1875 65535 0 1
418010   25.0625  25.0000  25.0625  25.1250  25.0000  25.1875  25.2500  25.1875 65535 0 1
419006   25.0000  25.0000  25.1250  25.1250  25.0000  25.1875  25.2500  25.1875 65535 0 1
420003   25.0625  25.0000  25.1250  25.1250  25.0000  25.1875  25.1875  25.1875 65535 0 1
421030   25.0000  25.0000  25.0625  25.1250  25.0625  25.1875  25.1875  25.2500 65535 0 1
422026   25.0625  25.0000  25.0625  25.1250  25.0625  25.1875  25.2500  25.1875 65535 0 1
423023   25.0625  25.0000  25.1250  25.1250  25.0625  25.1875  25.2500  25.1875 65535 0 1
424020   25.0000  25.0000  25.0625  25.1250  25.0625  25.1875  25.2500  25.1875 65535 0 1
425016   25.0625  25.0000  25.1250  25.1250  25.0000  25.1875  25.1875  25.1875 65535 0 1
426013   25.0625  25.0000  25.1250  25.1250  25.0000  25.1875  25.1875  25.1875 65535 0 1
427010   25.0625  25.0000  25.1250  25.1250  25.0000  25.1875  25.1875  25.1875 65535 0 1
428006   25.0625  25.0000  25.0625  25.1250  25.0625  25.1875  25.2500  25.1875 65535 0 1
429003   25.0625  25.0000  25.0625  25.1250  25.0000  25.1875  25.1875  25.2500 65535 0 1
430030   25.0000  25.0000  25.0625  25.1250  25.0000  25.1875  25.2500  25.2500 65535 0 1
431026   25.0625  25.0000  25.0625  25.1250  25.0000  25.1875  25.1875  25.1875 65535 0 1
432023   25.0625  25.0000  25.0625  25.1250  25.0000  25.1875  25.2500  25.1875 65535 0 1
433020   25.0625  25.0000  25.0625  25.1250  25.0000  25.1875  25.2500  25.2500 65535 0 1
434016   25.0625  25.0000  25.0625  25.1250  25.0625  25.1875  25.2500  25.1875 65535 0 1
435013   25.0625  25.0000  25.0625  25.1250  25.0000  25.1875  25.2500  25.2500 65535 0 1
436010   25.0625  25.0000  25.1250  25.1250  25.0000  25.1875  25.2500  25.1875 65535 0 1
437006   25.0000  25.0000  25.1250  25.1250  25.0625  25.1875  25.2500  25.2500 65535 0 1
438003   25.0625  25.0000  25.0625  25.1250  25.0000  25.1875  25.2500  25.1875 65535 0 1
439030   25.0000  25.0000  25.0625  25.1250  25.0000  25.1875  25.1875  25.1875 65535 0 1
440026   25.0625  25.0000  25.0625  25.1250  25.0000  25.1875  25.2500  25.1875 65535 0 1
441023   25.0625  25.0000  25.1250  25.1250  25.0000  25.1875  25.1875  25.1875 65535 0 1
442020   25.0625  25.0000  25.0625  25.1250  25.0000  25.1875  25.2500  25.1875 65535 0 1
443016   25.0625  25.0000  25.0625  25.1250  25.0000  25.1875  25.2500  25.1875 65535 0 1
444013   25.0625  25.0000  25.0625  25.1250  25.0000  25.1875  25.1875  25.1875 65535 0 1
445010   25.0000  25.0000  25.0625  25.1250  25.0000  25.1875  25.1875  25.1875 65535 0 1
446006   25.0000  25.0000  25.0625  25.1250  25.0000  25.1875  25.2500  25.1875 65535 0 1
447003   25.0000  25.0000  25.0625  25.1250  25.0000  25.1875  25.1875  25.1875 65535 0 1
448030   25.0625  25.0000  25.0625  25.1250  25.0000  25.1875  25.1875  25.1875 65535 0 1
449026   25.0625  25.0000  25.0625  25.1250  25.0000  25.1875  25.1875  25.1875 65535 0 1
450023   25.0000  25.0000  25.1250  25.1250  25.0000  25.1875  25.1875  25.1875 65535 0 1
451020   25.0000  25.0000  25.0625  25.1250  25.0000  25.1875  25.1875  25.1875 65535 0 1
452016   25.0000  25.0000  25.0625  25.1250  25.0000  25.1875  25.1875  25.1875 65535 0 1
453013   25.0000  25.0000  25.1250  25.1250  25.0000  25.1875  25.1875  25.1875 65535 0 1
454010   25.0625  25.0000  25.1250  25.1250  25.0000  25.1875  25.1875  25.1875 65535 0 1
455006   25.0000  25.0000  25.0625  25.1250  25.0000  25.1875  25.2500  25.1875 65535 0 1
456003   25.0000  25.0000  25.1250  25.0625  25.0000  25.1875  25.1875  25.1875 65535 0 1
457030   25.0000  25.0000  25.0625  25.1250  25.0000  25.1875  25.1875  25.1875 65535 0 1
458026   25.0000  25.0000  25.1250  25.1250  25.0000  25.1875  25.1875  25.1875 65535 0 1
459023   25.0000  25.0000  25.1250  25.0625  25.0000  25.1875  25.1875  25.1875 65535 0 1
460020   25.0000  25.0000  25.0625  25.1250  25.0000  25.1875  25.1875  25.1875 65535 0 1
461016   25.0000  25.0000  25.0000  25.1250  25.0000  25.1875  25.1875  25.1875 65535 0 1
462013   25.0000  25.0000  25.0625  25.1250  25.0000  25.1875  25.1875  25.1875 65535 0 1
463010   25.0000  25.0000  25.0625  25.1250  25.0000  25.1875  25.1875  25.1875 65535 0 1
464006   25.0000  25.0000  25.1250  25.1250  25.0625  25.1875  25.1875  25.1875 65535 0 1
465003   25.0000  25.0000  25.1250  25.1250  25.0000  25.1875  25.1875  25.1875 65535 0 1
466030   25.0000  25.0000  25.0625  25.1250  25.0000  25.1875  25.1875  25.1875 65535 0 1
467026   25.0000  25.0000  25.0625  25.1250  25.0000  25.1875  25.1875  25.1875 65535 0 1
468023   25.0000  25.0000  25.1250  25.1250  25.0000  25.1875  25.1875  25.1875 65535 0 1
469020   25.0000  25.0000  25.0625  25.1250  25.0000  25.1875  25.1875  25.1875 65535 0 1
470016   25.0000  25.0000  25.0625  25.1250  25.0000  25.1250  25.1875  25.1875 65535 0 1
471013   25.0000  25.0000  25.0625  25.0625  25.0000  25.1875  25.1875  25.1875 65535 0 1
472010   25.0000  25.0000  25.0625  25.1250  25.0000  25.1875  25.1875  25.1875 65535 0 1
473006   25.0000  25.0000  25.0625  25.1250  25.0000  25.1875  25.2500  25.1875 65535 0 1
474003   25.0000  25.0000  25.1250  25.1250  25.0000  25.1875  25.1875  25.1875 65535 0 1
475030   25.0000  25.0000  25.0625  25.1250  25.0000  25.1875  25.2500  25.1875 65535 0 1
476026   25.0000  25.0000  25.0625  25.1250  25.0000  25.1875  25.2500  25.1875 65535 0 1
477023   25.0000  25.0000  25.0625  25.1250  25.0625  25.1875  25.1875  25.1875 65535 0 1
478020   25.0000  25.0000  25.0625  25.1250  25.0000  25.1875  25.1875  25.1875 65535 0 1
479016   25.0000  25.0000  25.1250  25.1250  25.0000  25.1875  25.1875  25.1875 65535 0 1
480013   25.0000  25.0000  25.1250  25.1250  25.0000  25.1875  25.1875  25.1875 65535 0 1
481010   25.0000  25.0000  25.0625  25.1250  25.0000  25.1875  25.1875  25.1875 65535 0 1
482006   25.0625  25.0000  25.0625  25.1250  25.0000  25.1875  25.2500  25.1875 65535 0 1
483003   25.0000  25.0000  25.0625  25.1250  25.0625  25.1875  25.2500  25.1875 65535 0 1
484030   25.0000  25.0000  25.0625  25.1250  25.0000  25.1875  25.2500  25.1875 65535 0 1
485026   25.0000  25.0000  25.0625  25.1250  25.0000  25.1875  25.1875  25.1875 65535 0 1
486023   25.0000  25.0000  25.1250  25.1250  25.0000  25.1875  25.2500  25.1875 65535 0 1
487020   25.0000  25.0000  25.0625  25.0625  25.0000  25.1875  25.1875  25.1875 65535 0 1
488016   25.0625  25.0000  25.0625  25.1250  25.0000  25.1875  25.1875  25.1875 65535 0 1
489013   25.0000  25.0000  25.0625  25.1250  25.0000  25.1875  25.1875  25.1875 65535 0 1
490010   25.0625  25.0000  25.0625  25.1250  25.0000  25.1875  25.1875  25.1875 65535 0 1
491006   25.0000  25.0000  25.1250  25.1250  25.0000  25.1875  25.2500  25.1875 65535 0 1
492003   25.0000  25.0000  25.0625  25.1250  25.0000  25.1875  25.1875  25.1875 65535 0 1
493030   25.0625  25.0000  25.1250  25.1250  25.0000  25.1875  25.1875  25.1875 65535 0 1
494026   25.0000  25.0000  25.0625  25.1250  25.0625  25.1875  25.1875  25.1875 65535 0 1
495023   25.0625  25.0000  25.0625  25.1250  25.0000  25.1875  25.1875  25.1875 65535 0 1
496020   25.0000  25.0000  25.0625  25.1250  25.0000  25.1875  25.2500  25.1875 65535 0 1
497016   25.0000  25.0000  25.0625  25.0625  25.0000  25.1875  25.1875  25.1875 65535 0 1
498013   25.0000  25.0000  25.0625  25.1250  25.0000  25.1875  25.1875  25.1875 65535 0 1
499010   25.0000  25.0000  25.0625  25.1250  25.0000  25.1875  25.1875  25.1875 65535 0 1
500006   25.0000  25.0000  25.1250  25.1250  25.0000  25.1875  25.1875  25.1875 65535 0 1
501003   25.0625  25.0000  25.0625  25.1250  25.0000  25.1875  25.1875  25.1875 65535 0 1
502030   25.0000  25.0000  25.0625  25.1250  25.0000  25.1250  25.2500  25.1875 65535 0 1
503026   25.0000  25.0000  25.1250  25.1250  25.0000  25.1875  25.1875  25.1875 65535 0 1
504023   25.0000  25.0000  25.1250  25.1250  25.0000  25.1875  25.1875  25.1875 65535 0 1
505020   25.0000  25.0000  25.0625  25.1250  25.0000  25.1875  25.1875  25.1875 65535 0 1
506016   25.0000  25.0000  25.0625  25.1250  25.0000  25.1875  25.1875  25.1875 65535 0 1
507013   25.0625  25.0000  25.0625  25.0625  25.0000  25.1875  25.1875  25.1875 65535 0 1
508010   25.0000  25.0000  25.0625  25.1250  25.0000  25.1875  25.1875  25.1875 65535 0 1
509006   25.0625  25.0000  25.0625  25.0625  25.0000  25.1875  25.1875  25.1875 65535 0 1
510003   25.0000  25.0000  25.0000  25.1250  25.0000  25.1875  25.1875  25.1875 65535 0 1
511030   25.0000  25.0000  25.0625  25.1250  25.0000  25.1875  25.1875  25.2500 65535 0 1
512026   25.0000  25.0000  25.0625  25.0625  25.0000  25.1875  25.2500  25.1875 65535 0 1
513023   25.0000  25.0000  25.1250  25.1250  25.0625  25.1875  25.1875  25.1875 65535 0 1
514020   25.0625  25.0000  25.1250  25.1250  25.0000  25.1875  25.1875  25.1875 65535 0 1
515016   25.0000  25.0000  25.0625  25.1250  25.0000  25.1875  25.2500  25.1875 65535 0 1
516013   25.0000  25.0000  25.1250  25.1250  25.0000  25.1875  25.1875  25.1875 65535 0 1
517010   25.0000  25.0000  25.0625  25.1250  25.0000  25.1875  25.1875  25.1875 65535 0 1
518006   25.0000  25.0000  25.0625  25.1250  25.0000  25.1875  25.1875  25.1875 65535 0 1
519003   25.0000  25.0000  25.0625  25.1250  25.0000  25.1875  25.1875  25.1875 65535 0 1
520030   25.0000  25.0000  25.0625  25.1250  25.0000  25.1875  25.1875  25.1875 65535 0 1
521026   25.0000  25.0000  25.1250  25.1250  25.0000  25.1875  25.1875  25.1875 65535 0 1
522023   25.0000  25.0000  25.0625  25.1250  25.0000  25.1875  25.1875  25.1875 65535 0 1
523020   25.0000  25.0000  25.0625  25.1250  25.0625  25.1875  25.1875  25.1875 65535 0 1
524016   25.0000  25.0000  25.0625  25.1250  25.0000  25.1875  25.1875  25.1875 65535 0 1
525013   25.0000  25.0000  25.0625  25.1250  25.0000  25.1875  25.1875  25.1875 65535 0 1
526010   25.0000  25.0000  25.0625  25.1250  25.0000  25.1875  25.1875  25.1875 65535 0 1
527006   25.0000  25.0000  25.0625  25.1250  25.0000  25.1875  25.1875  25.1875 65535 0 1
528003   25.0000  25.0000  25.0625  25.1250  25.0000  25.1875  25.1875  25.1875 65535 0 1
529030   25.0625  25.0000  25.0625  25.1250  25.0000  25.1875  25.1875  25.1875 65535 0 1
530026   25.0000  25.0000  25.0625  25.1250  25.0000  25.1875  25.1875  25.1875 65535 0 1
531023   25.0625  25.0000  25.1250  25.1250  25.0000  25.1875  25.1875  25.1875 65535 0 1
532020   25.0000  25.0000  25.0625  25.1250  25.0000  25.1875  25.2500  25.1875 65535 0 1
533016   25.0000  25.0000  25.0625  25.1250  25.0000  25.1875  25.1875  25.1875 65535 0 1
534013   25.0000  25.0000  25.0625  25.1250  25.0000  25.1875  25.1875  25.1875 65535 0 1
535010   25.0000  25.0000  25.0625  25.1250  25.0000  25.1875  25.2500  25.1875 65535 0 1
536006   25.0000  25.0000  25.0625  25.1250  25.0000  25.1875  25.1875  25.1875 65535 0 1
537003   25.0625  25.0000  25.0625  25.1250  25.0000  25.1875  25.1875  25.1875 65535 0 1
538030   25.0000  25.0000  25.0625  25.1250  25.0000  25.1875  25.1875  25.1875 65535 0 1
539026   25.0625  25.0000  25.0625  25.1250  25.0000  25.1875  25.2500  25.1875 65535 0 1
540023   25.0625  25.0000  25.1250  25.1250  25.0000  25.1875  25.1875  25.1875 65535 0 1
541020   25.0625  25.0000  25.0625  25.1250  25.0000  25.1875  25.1875  25.1875 65535 0 1
542016   25.0625  25.0000  25.0000  25.1250  25.0625  25.1875  25.2500  25.2500 65535 0 1
543013   25.0625  25.0000  25.0625  25.1250  25.0000  25.1875  25.1875  25.1875 65535 0 1
544010   25.0625  25.0000  25.0625  25.1250  25.0000  25.1875  25.1875  25.1875 65535 0 1
545006   25.0625  25.0000  25.0625  25.1250  25.0000  25.1875  25.2500  25.1875 65535 0 1
546003   25.0625  25.0000  25.0625  25.1250  25.0000  25.1875  25.2500  25.1875 65535 0 1
547030   25.0625  25.0000  25.0625  25.1250  25.0000  25.1875  25.1875  25.1875 65535 0 1
548026   25.0625  25.0000  25.0625  25.1250  25.0625  25.1875  25.2500  25.1875 65535 0 1
549023   25.0625  25.0000  25.0625  25.1250  25.0000  25.1875  25.2500  25.2500 65535 0 1
550020   25.0625  25.0000  25.1250  25.1250  25.0000  25.1875  25.2500  25.1875 65535 0 1
551016   25.0625  25.0000  25.1250  25.1250  25.0625  25.1875  25.2500  25.2500 65535 0 1
552013   25.0625  25.0000  25.1250  25.1250  25.0625  25.1875  25.2500  25.1875 65535 0 1
553010   25.0625  25.0000  25.1250  25.1250  25.0625  25.1875  25.2500  25.2500 65535 0 1
554006   25.0625  25.0000  25.1250  25.1250  25.0625  25.1875  25.2500  25.2500 65535 0 1
555003   25.0625  25.0000  25.0625  25.1250  25.0625  25.1875  25.2500  25.2500 65535 0 1
556030   25.0625  25.0000  25.0625  25.1250  25.0625  25.1875  25.2500  25.2500 65535 0 1
557026   25.0625  25.0000  25.0625  25.1250  25.0625  25.1875  25.2500  25.2500 65535 0 1
558023   25.0625  25.0000  25.1250  25.1250  25.0625  25.1875  25.2500  25.2500 65535 0 1
559020   25.0625  25.0000  25.0625  25.1250  25.0625  25.1875  25.2500  25.2500 65535 0 1
560016   25.0625  25.0000  25.0625  25.1250  25.0625  25.1875  25.2500  25.2500 65535 0 1
561013   25.0625  25.0000  25.1250  25.1250  25.0625  25.1875  25.2500  25.2500 65535 0 1
562010   25.0625  25.0000  25.1250  25.1250  25.0625  25.1875  25.2500  25.1875 65535 0 1
563006   25.0625  25.0000  25.0625  25.1250  25.0625  25.1875  25.2500  25.2500 65535 0 1
564003   25.0625  25.0000  25.0625  25.1250  25.0625  25.1875  25.2500  25.2500 65535 0 1
565030   25.0625  25.0625  25.1250  25.1250  25.0625  25.1875  25.2500  25.2500 65535 0 1
566026   25.0000  25.0000  25.0625  25.1250  25.0625  25.1875  25.2500  25.2500 65535 0 1
567023   25.0625  25.0000  25.0625  25.1250  25.0625  25.1875  25.2500  25.2500 65535 0 1
568020   25.0625  25.0000  25.0625  25.1250  25.0625  25.1875  25.2500  25.2500 65535 0 1
569017   25.0625  25.0000  25.1250  25.1250  25.0625  25.1875  25.2500  25.2500 65535 0 1
570013   25.0625  25.0000  25.1250  25.1250  25.0000  25.1875  25.2500  25.2500 65535 0 1
571010   25.0625  25.0000  25.0625  25.1875  25.0000  25.2500  25.2500  25.2500 65535 0 1
572007   25.0625  25.0000  25.1250  25.1250  25.0625  25.1875  25.2500  25.2500 65535 0 1
573003   25.0625  25.0000  25.0625  25.1250  25.0625  25.1875  25.2500  25.2500 65535 0 1
574030   25.0625  25.0000  25.0625  25.1250  25.0625  25.1875  25.2500  25.1875 65535 0 1
575027   25.0625  25.0000  25.0625  25.1875  25.0000  25.1875  25.2500  25.2500 65535 0 1
576023   25.0625  25.0000  25.0625  25.1250  25.0625  25.1875  25.2500  25.2500 65535 0 1
577020   25.0625  25.0000  25.1250  25.1250  25.0625  25.1875  25.2500  25.2500 65535 0 1
578017   25.0625  25.0000  25.1250  25.1250  25.0625  25.1875  25.2500  25.2500 65535 0 1
579013   25.0625  25.0625  25.0625  25.1250  25.0625  25.1875  25.2500  25.2500 65535 0 1
580010   25.0625  25.0625  25.0625  25.1250  25.0000  25.1875  25.2500  25.1875 65535 0 1
581007   25.0625  25.0000  25.1250  25.1250  25.0000  25.1875  25.2500  25.1875 65535 0 1
582003   25.0625  25.0000  25.0625  25.1250  25.0625  25.1875  25.2500  25.2500 65535 0 1
583030   25.0625  25.0000  25.1875  25.1250  25.0625  25.1875  25.2500  25.1875 65535 0 1
584027   25.0625  25.0625  25.1250  25.1250  25.0625  25.1875  25.2500  25.2500 65535 0 1
585023   25.0625  25.0625  25.0625  25.1250  25.0625  25.1875  25.2500  25.2500 65535 0 1
586020   25.0625  25.0625  25.0625  25.1250  25.0625  25.1875  25.2500  25.2500 65535 0 1
587017   25.0625  25.0000  25.0625  25.1250  25.0625  25.1875  25.2500  25.1875 65535 0 1
588014   25.0625  25.0000  25.1250  25.1875  25.0625  25.1875  25.1875  25.2500 65535 0 1
589010   25.0625  25.0625  25.1250  25.1250  25.0625  25.1875  25.2500  25.2500 65535 0 1
590007   25.0625  25.0000  25.0625  25.1250  25.0625  25.2500  25.2500  25.2500 65535 0 1
591004   25.0625  25.0000  25.0625  25.1250  25.0625  25.1875  25.2500  25.2500 65535 0 1
592030   25.0625  25.0000  25.1250  25.1250  25.0625  25.1875  25.2500  25.1875 65535 0 1
593027   25.0625  25.0000  25.0625  25.1250  25.0625  25.1875  25.2500  25.1875 65535 0 1
594024   25.0625  25.0000  25.1250  25.1250  25.0625  25.1875  25.2500  25.2500 65535 0 1
595020   25.0625  25.0000  25.0625  25.1250  25.0625  25.1875  25.2500  25.2500 65535 0 1
596017   25.0625  25.0000  25.1875  25.1250  25.0625  25.1875  25.2500  25.2500 65535 0 1
597014   25.0625  25.0000  25.1250  25.1250  25.0625  25.1875  25.2500  25.2500 65535 0 1
598010   25.0625  25.0000  25.1875  25.1875  25.0625  25.1875  25.2500  25.2500 65535 0 1
599007   25.0625  25.0625  25.0625  25.1250  25.0625  25.1875  25.2500  25.2500 65535 0 1
600004   25.0625  25.0625  25.0625  25.1250  25.0625  25.2500  25.2500  25.2500 65535 0 1
601031   25.0625  25.0000  25.1250  25.1250  25.0625  25.2500  25.2500  25.2500 65535 0 1
602027   25.0625  25.0625  25.1250  25.1250  25.0625  25.1875  25.2500  25.2500 65535 0 1
603024   25.0625  25.0625  25.1250  25.1250  25.0625  25.1875  25.2500  25.2500 65535 0 1
604021   25.0625  25.0625  25.1250  25.1250  25.0625  25.1875  25.2500  25.2500 65535 0 1
605018   25.0625  25.0000  25.1250  25.1875  25.0625  25.1875  25.2500  25.2500 65535 0 1
606014   25.0625  25.0625  25.1875  25.1250  25.0625  25.1875  25.2500  25.2500 65535 0 1
607011   25.0625  25.0000  25.1250  25.1250  25.0625  25.1875  25.2500  25.2500 65535 0 1
608008   25.0625  25.0000  25.1250  25.1250  25.0625  25.2500  25.2500  25.2500 65535 0 1
609004   25.0625  25.0625  25.1250  25.1875  25.0625  25.2500  25.2500  25.2500 65535 0 1
610031   25.0625  25.0000  25.1250  25.1875  25.0625  25.1875  25.2500  25.2500 65535 0 1
611028   25.0625  25.0000  25.1250  25.1250  25.0625  25.1875  25.2500  25.2500 65535 0 1
612025   25.0625  25.0625  25.0625  25.1875  25.0625  25.1875  25.2500  25.2500 65535 0 1
613021   25.0625  25.0000  25.0625  25.1250  25.0625  25.1875  25.2500  25.2500 65535 0 1
614018   25.0625  25.0000  25.0625  25.1250  25.0625  25.2500  25.2500  25.1875 65535 0 1
615015   25.0625  25.0625  25.1250  25.1250  25.0625  25.2500  25.2500  25.2500 65535 0 1
616011   25.0625  25.0000  25.1250  25.1250  25.0625  25.1875  25.2500  25.2500 65535 0 1
617008   25.0625  25.0625  25.1250  25.1250  25.0625  25.2500  25.2500  25.2500 65535 0 1
618005   25.0625  25.0625  25.1875  25.1250  25.0625  25.2500  25.2500  25.2500 65535 0 1
619032   25.0625  25.0625  25.1875  25.1875  25.0625  25.2500  25.2500  25.2500 65535 0 1
620028   25.0625  25.0625  25.1875  25.1250  25.0625  25.2500  25.2500  25.2500 65535 0 1
621025   25.0625  25.0625  25.1250  25.1250  25.0625  25.2500  25.2500  25.2500 65535 0 1
622022   25.0625  25.0000  25.1250  25.1250  25.0625  25.2500  25.2500  25.2500 65535 0 1
623019   25.0625  25.0625  25.0625  25.1875  25.0625  25.2500  25.2500  25.2500 65535 0 1
624015   25.0625  25.0625  25.1875  25.1875  25.0625  25.1875  25.2500  25.2500 65535 0 1
625012   25.0625  25.0000  25.0625  25.1250  25.0625  25.2500  25.2500  25.2500 65535 0 1
626009   25.0625  25.0625  25.1250  25.1875  25.0625  25.1875  25.2500  25.2500 65535 0 1
627005   25.0625  25.0000  25.1250  25.1875  25.0625  25.2500  25.3125  25.2500 65535 0 1
628032   25.0625  25.0625  25.1250  25.1250  25.0625  25.2500  25.2500  25.2500 65535 0 1
629029   25.0625  25.0625  25.1875  25.1875  25.0625  25.2500  25.2500  25.2500 65535 0 1
630026   25.0625  25.0625  25.1875  25.1875  25.0625  25.2500  25.2500  25.2500 65535 0 1
631022   25.0625  25.0625  25.1250  25.1875  25.0625  25.2500  25.3125  25.2500 65535 0 1
632019   25.0625  25.0625  25.1250  25.1250  25.0625  25.2500  25.3125  25.2500 65535 0 1
633016   25.0625  25.0625  25.1875  25.1875  25.0625  25.2500  25.2500  25.2500 65535 0 1
634013   25.0625  25.0625  25.1250  25.1875  25.0625  25.2500  25.3125  25.2500 65535 0 1
635009   25.0625  25.0625  25.1250  25.1875  25.0625  25.2500  25.3125  25.2500 65535 0 1
636006   25.0625  25.0625  25.0625  25.1250  25.0625  25.2500  25.3125  25.2500 65535 0 1
637003   25.0625  25.0625  25.1250  25.1875  25.0625  25.2500  25.3125  25.2500 65535 0 1
638029   25.0625  25.0000  25.0625  25.1875  25.0625  25.2500  25.3125  25.2500 65535 0 1
639026   25.0625  25.0625  25.1250  25.1875  25.0625  25.2500  25.3125  25.2500 65535 0 1
640023   25.0625  25.0625  25.1250  25.1875  25.0625  25.2500  25.3125  25.3125 65535 0 1
641020   25.0625  25.0625  25.1250  25.1875  25.0625  25.2500  25.2500  25.2500 65535 0 1
642016   25.0625  25.0625  25.1875  25.1875  25.1250  25.2500  25.3125  25.3125 65535 0 1
643013   25.0625  25.0625  25.1250  25.1875  25.0625  25.2500  25.3125  25.2500 65535 0 1
644010   25.0625  25.0625  25.1250  25.1875  25.0625  25.2500  25.3125  25.2500 65535 0 1
645006   25.0625  25.0625  25.1250  25.1875  25.0625  25.2500  25.3125  25.2500 65535 0 1
646003   25.0625  25.0625  25.1875  25.1875  25.0625  25.2500  25.2500  25.2500 65535 0 1
647030   25.0625  25.0000  25.0625  25.1875  25.0625  25.2500  25.2500  25.2500 65535 0 1
648027   25.0625  25.0625  25.1250  25.1875  25.0625  25.2500  25.3125  25.2500 65535 0 1
649023   25.0625  25.0625  25.1250  25.1875  25.0625  25.2500  25.3125  25.2500 65535 0 1
650020   25.0625  25.0000  25.1250  25.1875  25.0625  25.2500  25.3125  25.2500 65535 0 1
651017   25.0625  25.0625  25.1250  25.1875  25.0625  25.1875  25.2500  25.2500 65535 0 1
652014   25.0625  25.0625  25.1250  25.1875  25.0625  25.2500  25.2500  25.2500 65535 0 1
653010   25.0625  25.0625  25.0625  25.1250  25.0625  25.2500  25.2500  25.2500 65535 0 1
654007   25.0625  25.0625  25.1250  25.1875  25.0625  25.2500  25.2500  25.2500 65535 0 1
655004   25.0625  25.0625  25.1250  25.1875  25.0625  25.2500  25.2500  25.2500 65535 0 1
656031   25.0625  25.0000  25.1250  25.1875  25.0625  25.2500  25.3125  25.2500 65535 0 1
657027   25.0625  25.0625  25.1250  25.1875  25.0625  25.2500  25.3125  25.2500 65535 0 1
658024   25.0625  25.0625  25.1250  25.1875  25.0625  25.2500  25.2500  25.2500 65535 0 1
659021   25.0625  25.0000  25.1250  25.1875  25.0625  25.2500  25.2500  25.2500 65535 0 1
660017   25.0625  25.0625  25.1250  25.1875  25.0625  25.1875  25.2500  25.2500 65535 0 1
661014   25.0625  25.0625  25.1250  25.1875  25.0625  25.2500  25.3125  25.2500 65535 0 1
662011   25.0625  25.0625  25.1250  25.1875  25.0625  25.2500  25.3125  25.2500 65535 0 1
663008   25.0625  25.0625  25.1875  25.1875  25.0625  25.2500  25.2500  25.2500 65535 0 1
664004   25.0625  25.0625  25.0625  25.1250  25.0625  25.2500  25.3125  25.2500 65535 0 1
665031   25.0625  25.0625  25.1250  25.1250  25.0625  25.2500  25.3125  25.2500 65535 0 1
666028   25.0625  25.0625  25.1250  25.1875  25.0625  25.2500  25.3125  25.2500 65535 0 1
667025   25.0625  25.0625  25.1875  25.1875  25.0625  25.2500  25.3125  25.2500 65535 0 1
668021   25.0625  25.0000  25.1250  25.1250  25.0625  25.2500  25.2500  25.2500 65535 0 1
669018   25.0625  25.0625  25.1250  25.1875  25.0625  25.2500  25.2500  25.2500 65535 0 1
670015   25.0625  25.0625  25.1250  25.1250  25.0625  25.2500  25.2500  25.2500 65535 0 1
671011   25.0625  25.0000  25.1250  25.1875  25.0625  25.2500  25.2500  25.2500 65535 0 1
672008   25.0625  25.0625  25.1875  25.1250  25.0625  25.2500  25.2500  25.2500 65535 0 1
673005   25.0625  25.0625  25.1250  25.1875  25.0625  25.1875  25.2500  25.2500 65535 0 1
674032   25.0625  25.0625  25.1250  25.1875  25.0625  25.2500  25.2500  25.2500 65535 0 1
675028   25.0625  25.0625  25.1250  25.1875  25.0625  25.2500  25.2500  25.2500 65535 0 1
676025   25.0625  25.0625  25.1250  25.1875  25.0625  25.2500  25.2500  25.2500 65535 0 1
677022   25.0625  25.0625  25.1875  25.1875  25.0625  25.2500  25.2500  25.2500 65535 0 1
678019   25.0625  25.0625  25.1250  25.1875  25.0625  25.2500  25.2500  25.2500 65535 0 1
679015   25.0625  25.0625  25.1875  25.1875  25.0625  25.2500  25.3125  25.2500 65535 0 1
680012   25.0625  25.0625  25.1875  25.1875  25.0625  25.1875  25.2500  25.2500 65535 0 1
681009   25.0625  25.0625  25.1875  25.1875  25.0625  25.2500  25.3125  25.2500 65535 0 1
682006   25.0625  25.0625  25.1250  25.1250  25.0625  25.1875  25.2500  25.2500 65535 0 1
683032   25.0625  25.0625  25.1250  25.1250  25.0625  25.2500  25.3125  25.2500 65535 0 1
684029   25.0625  25.0625  25.1250  25.1250  25.0625  25.2500  25.3125  25.2500 65535 0 1
685026   25.0625  25.0625  25.0625  25.1250  25.0625  25.1875  25.2500  25.2500 65535 0 1
686023   25.0625  25.0625  25.1250  25.1875  25.0625  25.2500  25.2500  25.2500 65535 0 1
687019   25.0625  25.0625  25.1250  25.1250  25.0625  25.2500  25.2500  25.2500 65535 0 1
688016   25.0625  25.0625  25.1875  25.1250  25.0625  25.2500  25.2500  25.2500 65535 0 1
689013   25.0625  25.0625  25.1250  25.1875  25.0625  25.1875  25.2500  25.2500 65535 0 1
690010   25.0625  25.0625  25.1875  25.1875  25.0625  25.2500  25.2500  25.1875 65535 0 1
691006   25.0625  25.0625  25.1250  25.1875  25.0625  25.2500  25.2500  25.2500 65535 0 1
692003   25.0625  25.0625  25.1250  25.1875  25.0625  25.1875  25.2500  25.2500 65535 0 1
693030   25.0625  25.0625  25.1250  25.1250  25.1250  25.2500  25.2500  25.2500 65535 0 1
694027   25.0625  25.0625  25.1250  25.1875  25.0625  25.2500  25.2500  25.2500 65535 0 1
695024   25.0625  25.0625  25.1250  25.1250  25.0625  25.2500  25.3125  25.2500 65535 0 1
696020   25.0625  25.0625  25.1250  25.1875  25.0625  25.2500  25.3125  25.2500 65535 0 1
697017   25.0625  25.0625  25.1250  25.1875  25.0625  25.2500  25.3125  25.2500 65535 0 1
